61
10 1
2 8
10 1
6 2
10 1
2 1
10 1
6 9
10 1
8 6
20 2
3 8
15 1
20 2
4 2
17 1
20 2
15 16
10 10
20 2
14 10
6 5
20 2
18 6
18 7
30 3
25 6
13 22
6 8
30 3
7 19
2 1
21 4
30 3
18 5
11 6
4 29
30 3
3 25
26 9
27 23
30 3
5 27
22 18
14 14
40 10
5 19
4 28
9 20
37 22
10 34
30 14
34 20
8 6
34 34
34 19
40 11
39 14
7 15
18 33
14 16
18 10
14 8
23 23
28 27
34 14
14 39
24 30
40 12
20 32
6 13
10 15
26 31
15 33
16 20
29 21
28 27
20 26
20 8
12 14
11 31
40 13
16 19
20 14
6 20
15 29
22 23
10 19
16 14
20 20
21 27
24 15
12 11
18 35
13 31
40 14
38 26
10 13
22 26
31 18
16 39
33 11
4 37
31 34
25 32
15 30
36 16
20 13
37 14
25 24
40 15
13 25
11 12
25 38
36 27
4 14
16 1
35 16
20 3
2 29
33 21
27 1
20 39
5 19
33 37
34 33
40 16
24 27
10 26
19 28
20 30
13 18
29 33
16 35
12 34
20 33
27 22
16 16
14 32
8 27
28 22
21 31
11 32
40 17
13 27
10 18
30 16
27 11
27 17
14 24
20 9
20 26
18 11
31 19
23 22
22 24
19 15
24 23
25 20
22 23
15 15
40 18
31 10
6 11
26 9
34 15
21 14
21 5
19 11
18 8
25 19
32 7
14 37
30 18
24 29
7 22
22 37
16 20
25 10
17 22
40 19
10 31
17 25
1 12
20 10
14 28
30 7
12 19
20 4
21 25
20 20
37 8
33 24
4 17
4 20
36 16
33 6
29 38
34 35
13 18
40 20
6 30
29 27
21 27
10 5
31 22
10 29
10 28
21 19
26 19
6 17
21 6
4 18
32 24
11 32
33 14
20 5
18 24
28 20
16 3
22 33
40 21
10 18
36 23
34 9
16 19
27 34
13 22
21 18
24 26
20 35
34 23
34 20
24 9
19 28
31 13
25 28
29 23
37 12
20 6
15 26
21 34
26 34
40 22
11 15
11 2
31 23
29 38
1 10
37 29
24 7
2 3
39 26
20 24
12 20
25 22
39 28
17 26
8 39
4 12
7 1
10 37
4 9
26 39
12 28
5 21
40 23
33 9
30 24
39 7
18 31
2 32
21 12
37 39
11 18
37 32
32 17
22 27
9 4
2 33
32 28
39 18
19 34
13 38
35 29
9 16
14 26
18 38
22 20
32 39
40 24
11 8
17 8
33 20
31 15
26 27
25 27
26 16
22 29
19 6
21 6
32 30
30 32
12 27
26 23
10 18
9 21
20 22
15 34
26 10
34 18
7 24
22 16
20 10
29 19
40 25
8 29
11 17
4 27
8 11
25 14
28 24
6 21
21 11
14 35
16 15
20 11
26 30
20 21
12 24
13 30
12 21
13 17
8 26
10 14
25 15
20 29
16 23
11 14
13 18
9 25
40 26
22 37
8 13
38 4
11 14
1 6
7 2
30 16
5 21
2 12
9 20
21 2
28 5
22 29
37 11
4 36
37 5
21 34
24 16
29 13
29 22
28 20
24 36
16 6
11 32
38 14
31 11
40 27
13 19
7 17
7 10
24 29
26 11
28 17
22 33
5 30
31 1
31 28
35 31
19 36
27 33
21 28
7 25
18 29
20 14
13 9
33 9
10 30
20 2
29 14
21 6
6 35
35 2
21 21
14 1
40 28
31 26
14 23
15 20
31 11
29 29
32 28
38 16
36 11
13 6
30 29
20 28
23 12
19 4
19 27
28 16
17 11
25 10
26 18
16 17
37 25
19 10
17 27
31 9
18 28
29 8
31 28
34 11
16 4
40 29
19 20
33 30
35 26
31 23
18 28
32 25
20 19
27 20
11 20
23 24
24 21
23 18
11 14
16 15
22 13
31 21
18 22
30 29
21 32
34 18
29 30
20 22
24 34
18 29
17 26
10 16
24 31
29 28
13 22
40 30
39 8
29 34
26 26
7 38
14 11
37 18
22 3
27 34
31 22
24 15
22 18
25 22
31 35
14 32
19 22
7 1
39 21
33 35
16 20
33 37
17 30
38 27
36 36
35 22
25 34
38 24
5 3
38 29
34 31
8 30
40 31
3 7
4 1
9 37
38 5
33 33
37 39
35 29
12 36
1 8
4 22
34 19
11 4
10 24
9 19
8 28
19 33
14 20
9 2
18 6
12 23
16 32
17 32
14 33
32 25
15 29
16 20
27 25
30 21
22 37
38 6
34 7
40 32
12 22
8 16
4 26
3 23
13 31
7 28
14 29
6 26
17 18
7 21
9 16
17 17
15 22
22 26
9 15
3 24
12 27
6 20
3 30
20 19
19 27
10 26
14 30
6 29
15 28
8 34
11 14
24 28
19 19
10 29
15 21
10 28
40 33
19 29
18 14
27 19
27 31
24 12
31 25
16 20
27 23
29 18
18 21
26 24
24 32
16 26
10 17
21 26
21 30
29 24
26 23
26 25
21 17
16 17
30 27
21 15
13 23
26 31
22 11
16 29
15 24
24 23
11 25
23 30
21 16
19 21
40 34
4 33
13 24
20 39
20 22
32 2
21 16
14 13
35 3
39 21
6 16
19 14
4 30
39 23
3 8
19 22
23 6
26 39
13 27
5 12
20 27
39 33
34 17
7 9
21 29
14 1
27 32
9 15
5 25
11 18
3 24
8 37
11 6
7 37
2 26
40 35
29 38
7 3
30 20
3 8
39 23
7 6
18 7
5 26
11 31
25 23
5 29
34 7
9 9
33 8
11 24
15 22
4 12
24 9
34 17
15 6
2 32
26 35
29 1
28 25
22 39
37 5
6 11
33 34
31 7
26 5
19 6
3 28
27 5
33 20
12 31
40 36
8 19
13 27
10 34
7 27
28 18
23 18
8 24
23 36
26 34
24 10
12 24
19 23
26 25
23 35
16 20
20 34
17 13
25 35
32 20
15 33
20 21
7 18
8 27
14 16
28 14
28 12
24 17
24 11
11 18
9 17
26 13
14 27
18 37
7 17
29 31
5 21
40 37
19 20
10 15
23 29
26 33
28 15
14 32
11 33
11 25
19 18
28 22
25 28
22 16
11 16
9 29
17 35
18 34
35 20
29 23
8 24
31 12
28 33
18 27
11 22
20 18
17 32
25 26
26 14
8 19
14 31
11 28
22 20
25 20
18 14
31 33
19 27
26 28
18 22
40 38
20 7
16 16
13 13
17 29
38 28
14 36
17 3
34 27
34 36
18 30
29 35
7 7
12 15
38 2
27 1
18 13
1 36
20 2
31 20
27 24
36 23
31 22
6 4
37 15
25 6
15 20
9 38
31 38
18 24
2 33
39 31
21 39
9 35
21 32
37 18
36 2
24 18
18 6
40 39
34 36
35 7
24 37
15 29
19 20
37 33
39 35
30 38
30 32
36 28
6 13
2 9
30 26
15 1
15 33
19 30
20 1
17 4
7 28
38 22
39 38
12 20
25 28
25 38
29 32
39 22
11 33
24 22
35 22
16 13
5 22
15 32
35 23
14 11
25 6
24 1
22 5
7 24
30 25
40 40
21 27
23 10
14 21
5 14
14 8
6 18
17 30
12 18
9 16
27 29
32 20
28 30
20 18
21 19
12 36
19 22
19 15
31 19
16 33
24 18
23 20
21 33
23 29
33 20
22 32
7 18
16 29
12 24
25 19
5 31
7 30
4 26
4 24
25 16
4 23
19 28
18 32
27 20
13 18
32 27
40 41
38 18
10 24
27 18
28 13
23 17
7 27
28 19
8 17
21 28
20 25
31 9
15 8
26 28
14 9
19 19
38 23
24 35
34 18
34 14
32 28
37 15
21 22
34 29
14 21
21 31
8 16
14 26
16 26
17 6
13 27
30 14
37 22
32 24
36 29
15 29
12 30
18 9
9 20
15 10
21 15
10 31
40 42
18 30
24 5
8 24
5 27
33 5
13 37
3 17
23 25
13 38
32 25
36 19
4 16
22 9
14 31
30 36
36 38
2 9
24 19
2 5
34 32
11 3
17 9
20 23
12 18
33 2
35 8
4 34
3 18
23 13
1 28
3 20
17 10
9 8
19 7
7 24
5 17
15 5
5 6
10 23
38 28
13 14
6 5
40 43
3 33
14 3
2 31
9 11
6 3
30 18
21 12
3 3
29 39
7 7
21 6
28 26
18 15
19 17
12 32
17 28
6 21
28 28
35 16
28 10
16 7
9 32
6 1
23 9
37 25
29 12
35 12
20 17
4 37
32 9
35 19
15 8
3 8
34 23
21 26
17 37
30 5
36 1
6 27
31 19
13 36
6 20
38 13
40 44
9 24
16 31
27 24
10 26
23 14
37 24
24 28
13 22
20 14
35 18
26 25
25 23
27 27
27 26
25 18
13 27
31 31
12 15
27 31
27 13
12 13
16 33
14 28
15 28
7 24
16 19
27 23
35 24
10 23
31 22
15 13
19 33
29 36
10 28
22 22
28 23
29 30
27 17
34 31
30 26
33 22
21 36
17 21
23 17
40 45
25 29
17 15
17 17
28 29
14 29
9 9
13 22
22 20
5 30
17 6
32 11
33 15
15 8
12 19
21 16
17 21
17 35
21 29
6 30
24 27
12 33
36 18
27 26
14 11
15 23
28 11
27 29
11 18
6 16
8 28
20 15
16 4
31 11
33 31
22 4
4 23
28 12
19 16
13 34
5 15
21 38
6 22
31 31
26 31
25 26
40 46
29 16
10 23
20 28
19 3
15 6
30 32
19 39
13 24
27 27
14 27
23 32
19 20
8 2
9 3
2 5
2 31
14 25
1 3
29 22
13 16
28 4
32 24
5 20
18 38
37 13
24 28
17 5
16 27
7 39
8 6
38 30
16 23
31 12
13 2
25 11
27 15
24 3
1 39
21 22
31 17
28 10
29 33
30 15
21 10
34 35
6 4
40 47
36 22
34 27
30 7
11 18
6 6
34 26
11 19
10 5
25 31
3 17
2 36
25 5
9 8
12 35
24 14
1 27
7 32
3 14
20 36
33 20
33 31
29 5
37 35
4 16
26 35
7 3
1 36
34 4
9 13
14 21
25 22
13 2
35 1
14 20
18 8
21 8
24 29
17 18
13 15
36 3
2 11
4 7
32 11
37 24
3 8
38 35
1 20
40 48
11 14
19 36
10 4
9 15
26 20
22 28
14 11
25 17
7 23
33 16
12 8
23 6
32 30
4 23
25 9
16 19
19 15
14 7
8 11
29 8
36 10
21 17
14 33
18 15
29 26
23 22
14 36
30 27
38 20
11 6
18 7
17 34
12 24
33 24
31 35
30 13
27 22
32 13
29 22
19 5
4 30
5 24
9 21
13 36
19 30
3 21
28 5
24 12
40 49
21 34
13 16
4 24
6 35
20 13
18 13
17 36
17 26
11 21
13 21
22 16
9 18
10 19
13 32
14 29
28 30
6 16
12 25
9 15
23 18
18 20
21 27
18 35
7 18
6 30
26 33
21 25
20 12
19 15
12 21
13 12
22 18
20 14
17 14
18 23
9 17
7 30
21 19
7 34
4 20
6 29
13 37
17 30
5 26
12 34
15 16
5 17
24 34
14 34
40 1
1 1
40 6
1 1
1 2
1 3
2 1
3 1
2 2
10 2
1 1
1 5
10 2
1 1
1 6
10 2
1 9
9 1
10 2
1 5
9 5
