100
7
16 6 5 6 0 1 4 4 5 1 2 3 5 2 3 5 2
21
17
18 15 14 4 9 15 9 13 4 2 14 10 4 8 16 15 11 7 6
62
18
4 2 14 5 6
7
16
3 15 8 9
7
35
21 34 7 8 4 5 3 4 2 3 0 1 31 21 22 14 15 2 3 13 33 17
100
10
1 5
8
3
15 0 2 1 2 0 1 0 1 0 1 0 1 0 1 2
17
13
12 9 8 9 8 9 8 9 8 9 8 9 8
38
18
20 6 7 9 2 3 0 1 17 13 14 12 13 9 10 3 4 9 1 2 8
25564
112
24 77 110 95 96 79 80 47 48 95 77 78 60 61 26 27 70 44 45 28 29 4 5 68 82
12413
17
5 15 13 14 8 9
20165
20
19 3 5 4 5 9 13 11 12 1 2 6 5 6 16 3 4 10 10 9
22
15
6 7 4 5 7 11 3
47
9
17 7 4 5 1 2 4 8 8 0 1 6 3 4 4 5 5 6
17592
13
16 6 10 4 5 4 5 4 5 0 1 5 1 2 6 5 6
20548
45
21 11 41 35 36 16 17 42 44 25 26 41 23 24 28 28 21 22 16 17 24 6
22
12
9 4 9 4 5 8 2 3 5 9
44
47
45 43 13 14 43 14 15 35 26 27 38 13 14 39 44 3 4 13 34 37 41 33 34 8 9 5 6 2 3 43 29 30 18 19 38 29 30 26 27 24 25 20 21 12 13 43
94
8
18 0 4 7 3 4 7 5 6 5 6 5 6 5 6 5 6 5 6
41
50
1 26
31
19
12 11 14 11 12 12 17 7 8 0 1 9 14
39
13
13 2 11 2 3 9 7 8 0 1 12 1 2 6
29
11
4 0 0 6 2
14
5
14 2 3 2 3 3 0 1 4 0 1 1 0 1 1
28
14
6 1 0 1 9 11 0
22
530
68 389 285 286 130 131 350 258 259 225 226 216 217 221 229 256 92 93 300 184 185 150 151 162 184 264 68 69 190 432 115 116 331 434 8 9 411 218 219 28 29 178 476 205 206 467 197 198 460 461 463 221 222 56 57 331 349 368 28 29 32 38 354 4 5 187 500 415 416
6280
20
1 9
28
2
11 0 1 1 1 0 1 0 1 1 0 1
14
18
3 7 17 16
24
17
13 16 7 8 8 5 6 13 6 7 7 9 7 8
31
7
11 3 1 2 6 0 1 4 3 4 2 3
35
5
18 0 2 2 1 3 3 2 2 0 1 0 1 2 1 1 0 1 4
40
12
2 4 10
29
17
7 14 4 5 4 5 7 11
21
16
11 5 15 5 6 14 3 4 11 2 3 12
42
90
35 13 39 45 55 27 28 31 83 27 28 61 77 7 8 2 3 74 41 42 17 18 83 77 78 67 68 13 14 61 8 9 69 18 19 26
43
55
46 22 48 53 4 5 6 8 24 25 27 19 20 52 6 7 18 3 4 2 3 12 30 14 15 7 8 0 1 41 11 12 39 28 29 37 53 33 34 1 2 47 53 5 6 32 46
96
16
10 15 3 4 8 6 7 9 2 3 3
35
20
9 0 2 7 19 9 10 2 3 17
21
28
5 4 5 22 5 6
52
10
16 2 6 9 3 4 9 9 0 1 4 1 2 1 2 2 3
29
13
10 2 8 9 2 3 7 7 10 3 4
46
78
39 13 47 75 26 27 41 69 2 3 16 41 1 2 72 60 61 51 52 35 36 3 4 17 43 33 34 47 73 58 59 28 29 46 2 3 34 18 19 7
78
71
19 62 65 65 66 6 7 39 13 14 3 4 33 20 21 8 9 55 5 6
73
8
11 4 6 1 2 1 2 4 0 1 4 2
13
5
9 1 4 3 4 0 1 4 3 4
45
390
22 114 281 168 169 265 67 68 356 247 248 141 142 204 328 294 295 216 217 60 61 138 292
32729
10
1 6
4
30
39 5 4 5 19 17 18 4 5 8 14 4 5 2 3 4 6 14 15 17 28 27 28 12 13 12 13 11 12 9 10 5 6 27 9 10 24 6 7 21
83
10
19 3 3 2 3 0 1 2 4 7 1 2 5 3 4 1 2 8 8 8
48
12
8 6 3 4 6 7 2 3 1
40
13
6 3 7 7 8 8 9
44
3
13 1 1 1 2 2 0 1 2 1 2 2 0 1
46
19
17 2 12 5 6 13 0 1 15 16 13 14 17 4 5 2 3 5
99
16
16 1 8 8 3 4 7 14 4 5 11 2 3 4 10 8 9
44
4
17 2 2 2 3 1 2 1 2 2 0 1 0 1 3 3 1 2
23
12
15 1 4 11 7 8 7 8 7 8 7 8 7 8 7 8
23074
7
2 5 5
34
6
15 3 0 1 1 4 2 3 1 2 3 3 1 2 3 3
20
3
9 2 0 1 2 1 2 2 0 1
20
33
32 11 5 6 20 15 16 26 13 14 28 23 24 14 15 29 24 25 14 15 27 18 19 31 22 23 31 14 15 32 0 1 4
84
6
11 1 2 2 3 0 1 3 1 2 2 3
19707
13
3 9 5 6
44
6
18 1 0 1 3 2 3 0 1 4 5 1 2 5 3 4 3 4 2
35
19
6 10 5 9 10 1 3
32
20
18 10 7 8 18 18 19 8 9 15 7 8 10 14 16 19 9 10 15
19445
5
14 1 0 1 2 4 4 0 1 0 1 3 2 3 4
35
18
11 15 5 6 9 15 5 6 0 1 12 16
29
43
33 27 38 25 26 27 29 4 5 11 23 1 2 39 36 37 39 0 1 25 0 1 21 27 34 5 6 35 11 12 33 28 29 0
81
25
6 24 20 21 6 7 16
79
18
11 17 9 10 3 4 14 17 14 15 3 4
19
7
24 2 4 3 4 0 1 1 2 4 1 2 6 0 1 4 1 2 2 3 6 6 0 1 0
95
24
34 10 23 2 3 20 7 8 5 6 1 2 6 20 15 16 20 4 5 5 11 16 20 13 14 0 1 22 2 3 4 4 4 0 1
73
2
16 0 0 1 0 1 1 1 0 1 0 0 1 0 1 1 1
23
35
14 27 10 11 19 31 18 19 20 5 6 33 10 11 22
38
8
12 2 4 3 4 4 5 7 3 4 4 5 3
46
25
26 7 12 10 11 19 10 11 22 19 20 2 3 18 15 16 22 9 10 3 4 21 5 6 17 14 15
78
72
23 39 56 15 16 71 44 45 20 21 43 15 16 59 1 2 18 70 56 57 51 52 66 22
58
18
11 0 1 8 15 5 6 11 3 4 15 1
32
16
19 4 13 4 5 14 15 1 2 15 1 2 6 4 5 6 8 15 13 14
23
9
8 7 2 3 2 3 7 6 7
47
22
26 17 3 4 2 3 16 20 3 4 18 17 18 4 5 0 1 15 21 6 7 8 10 0 1 20 20
86
4
9 0 2 2 3 1 2 3 1 2
11
18
12 17 8 9 3 4 9 1 2 12 14 17 12
15
16
2 11 0
28
3
4 1 2 1 2
39
11
35 1 7 10 3 4 4 5 7 0 1 1 2 0 1 5 2 3 1 2 10 4 5 1 2 5 0 1 8 0 1 6 1 2 0 1
40
5
9 0 3 3 4 0 1 4 2 3
19
17
6 4 12 16 4 5 9
10
6
20 2 3 2 3 5 3 4 3 4 3 4 3 4 3 4 3 4 3 4 3
25
19
17 7 6 7 0 1 7 0 1 13 18 5 6 12 5 6 14 11
47
16
7 4 6 12 12 13 5 6
39
13
16 10 7 8 2 3 5 9 4 5 9 4 5 9 4 5 9
43
16
7 12 12 6 7 6 7 10
10
59
18 43 48 15 16 41 32 33 20 21 55 5 6 17 56 41 42 34 35
51
10
19 9 2 3 8 8 9 4 5 9 7 8 0 1 6 2 3 2 3 9
21
13
5 9 4 5 4 5
17
739
67 197 322 58 59 456 511 567 258 259 699 110 111 263 669 57 58 187 167 168 186 222 315 730 539 540 484 485 664 283 284 319 389 509 709 737 27 28 190 38 39 275 8 9 368 347 348 59 60 222 546 698 112 113 167 275 309 344 50 51 578 235 236 634 60 61 228 547
30581
14
18 7 3 4 10 8 9 5 6 13 13 0 1 2 4 1 2 11 1
22
14
17 4 7 3 4 8 2 3 12 2 3 9 8 9 6 7 2 3
58
